station altitude
7005 69
7015 47
7020 6
7027 67
7037 151
7072 95
7110 94
7117 55
7130 36
7139 143
7149 89
7168 112
7181 336
7190 150
7207 34
7222 26
7240 108
7255 161
7280 219
7299 263
7314 11
7335 123
7434 402
7460 331
7471 833
7481 235
7510 47
7535 260
7558 712
7577 73
7591 871
7607 59
7621 360
7627 414
7630 151
7643 2
7650 9
7661 115
7690 2
7747 42
7761 5
7790 10
61968 3
61972 6
61976 7
61980 8
61996 27
61997 146
61998 29
67005 7
71805 21
78890 27
78894 44
78897 11
78922 26
78925 3
81401 5
81405 4
81408 6
81415 106
89642 43
