81415 100.000000
81408 100.000000
81405 100.000000
81401 100.000000
71805 100.000000
61997 100.000000
7661 100.000000
7650 100.000000
7630 100.000000
7607 100.000000
7558 100.000000
7535 100.000000
7510 100.000000
7481 100.000000
7460 100.000000
7434 100.000000
7335 100.000000
7314 100.000000
7280 100.000000
7240 100.000000
7222 100.000000
7190 100.000000
7149 100.000000
7130 100.000000
7117 100.000000
7110 100.000000
7037 100.000000
7027 100.000000
7015 100.000000
7005 100.000000
81415 99.000000
81408 99.000000
81401 99.000000
71805 99.000000
61997 99.000000
61996 99.000000
7630 99.000000
7627 99.000000
7607 99.000000
7591 99.000000
7558 99.000000
7535 99.000000
7510 99.000000
7481 99.000000
7471 99.000000
7460 99.000000
7434 99.000000
7335 99.000000
7299 99.000000
7280 99.000000
7255 99.000000
7240 99.000000
7222 99.000000
7207 99.000000
7190 99.000000
7181 99.000000
7149 99.000000
7139 99.000000
7130 99.000000
7117 99.000000
7110 99.000000
7072 99.000000
7037 99.000000
7027 99.000000
7020 99.000000
7015 99.000000
7005 99.000000
81415 98.000000
81408 98.000000
81405 98.000000
81401 98.000000
71805 98.000000
67005 98.000000
61997 98.000000
7790 98.000000
7650 98.000000
7643 98.000000
7630 98.000000
7621 98.000000
7607 98.000000
7577 98.000000
7535 98.000000
7510 98.000000
7481 98.000000
7471 98.000000
7434 98.000000
7335 98.000000
7314 98.000000
7299 98.000000
7280 98.000000
7255 98.000000
7240 98.000000
7222 98.000000
7190 98.000000
7181 98.000000
7168 98.000000
7149 98.000000
7139 98.000000
7130 98.000000
7117 98.000000
7110 98.000000
7072 98.000000
7037 98.000000
7027 98.000000
7020 98.000000
7015 98.000000
7005 98.000000
81415 97.000000
81408 97.000000
81405 97.000000
81401 97.000000
78925 97.000000
78922 97.000000
78897 97.000000
71805 97.000000
61998 97.000000
61997 97.000000
61996 97.000000
61972 97.000000
7761 97.000000
7747 97.000000
7661 97.000000
7650 97.000000
7643 97.000000
7630 97.000000
7627 97.000000
7621 97.000000
7607 97.000000
7558 97.000000
7535 97.000000
7510 97.000000
7481 97.000000
7471 97.000000
7460 97.000000
7434 97.000000
7335 97.000000
7314 97.000000
7299 97.000000
7280 97.000000
7255 97.000000
7240 97.000000
7222 97.000000
7207 97.000000
7190 97.000000
7181 97.000000
7168 97.000000
7149 97.000000
7139 97.000000
7130 97.000000
7117 97.000000
7110 97.000000
7072 97.000000
7037 97.000000
7027 97.000000
7020 97.000000
7015 97.000000
7005 97.000000
89642 96.000000
81415 96.000000
81408 96.000000
81405 96.000000
81401 96.000000
78925 96.000000
78922 96.000000
78897 96.000000
78894 96.000000
71805 96.000000
67005 96.000000
61998 96.000000
61997 96.000000
61996 96.000000
61968 96.000000
7790 96.000000
7761 96.000000
7650 96.000000
7643 96.000000
7630 96.000000
7627 96.000000
7621 96.000000
7607 96.000000
7591 96.000000
7577 96.000000
7558 96.000000
7535 96.000000
7510 96.000000
7471 96.000000
7460 96.000000
7434 96.000000
7335 96.000000
7314 96.000000
7299 96.000000
7280 96.000000
7255 96.000000
7240 96.000000
7222 96.000000
7207 96.000000
7190 96.000000
7181 96.000000
7168 96.000000
7139 96.000000
7130 96.000000
7117 96.000000
7110 96.000000
7072 96.000000
7037 96.000000
7027 96.000000
7020 96.000000
7015 96.000000
7005 96.000000
81415 95.000000
81408 95.000000
81405 95.000000
81401 95.000000
78925 95.000000
78922 95.000000
78897 95.000000
71805 95.000000
67005 95.000000
61998 95.000000
61997 95.000000
61996 95.000000
61976 95.000000
61968 95.000000
7761 95.000000
7747 95.000000
7661 95.000000
7643 95.000000
7630 95.000000
7627 95.000000
7621 95.000000
7607 95.000000
7577 95.000000
7558 95.000000
7535 95.000000
7510 95.000000
7481 95.000000
7471 95.000000
7460 95.000000
7434 95.000000
7335 95.000000
7314 95.000000
7299 95.000000
7255 95.000000
7240 95.000000
7222 95.000000
7207 95.000000
7190 95.000000
7181 95.000000
7168 95.000000
7149 95.000000
7139 95.000000
7130 95.000000
7117 95.000000
7110 95.000000
7072 95.000000
7037 95.000000
7027 95.000000
7020 95.000000
7015 95.000000
7005 95.000000
81415 94.000000
81408 94.000000
81405 94.000000
81401 94.000000
78925 94.000000
78922 94.000000
78897 94.000000
71805 94.000000
67005 94.000000
61998 94.000000
61997 94.000000
61996 94.000000
61968 94.000000
7790 94.000000
7761 94.000000
7747 94.000000
7661 94.000000
7650 94.000000
7643 94.000000
7630 94.000000
7627 94.000000
7621 94.000000
7607 94.000000
7591 94.000000
7577 94.000000
7558 94.000000
7535 94.000000
7510 94.000000
7481 94.000000
7471 94.000000
7460 94.000000
7434 94.000000
7335 94.000000
7314 94.000000
7299 94.000000
7280 94.000000
7255 94.000000
7240 94.000000
7222 94.000000
7207 94.000000
7190 94.000000
7181 94.000000
7168 94.000000
7149 94.000000
7139 94.000000
7130 94.000000
7117 94.000000
7110 94.000000
7072 94.000000
7037 94.000000
7027 94.000000
7020 94.000000
7015 94.000000
7005 94.000000
81415 93.000000
81408 93.000000
81405 93.000000
81401 93.000000
78925 93.000000
78897 93.000000
71805 93.000000
67005 93.000000
61998 93.000000
61997 93.000000
61996 93.000000
61980 93.000000
61976 93.000000
61972 93.000000
61968 93.000000
7790 93.000000
7761 93.000000
7747 93.000000
7690 93.000000
7661 93.000000
7650 93.000000
7643 93.000000
7630 93.000000
7627 93.000000
7621 93.000000
7607 93.000000
7591 93.000000
7577 93.000000
7558 93.000000
7535 93.000000
7510 93.000000
7481 93.000000
7471 93.000000
7460 93.000000
7434 93.000000
7335 93.000000
7314 93.000000
7299 93.000000
7280 93.000000
7255 93.000000
7240 93.000000
7207 93.000000
7190 93.000000
7181 93.000000
7168 93.000000
7149 93.000000
7139 93.000000
7130 93.000000
7117 93.000000
7110 93.000000
7072 93.000000
7037 93.000000
7027 93.000000
7020 93.000000
7015 93.000000
7005 93.000000
81415 92.000000
81408 92.000000
81405 92.000000
81401 92.000000
78925 92.000000
78897 92.000000
78894 92.000000
78890 92.000000
71805 92.000000
67005 92.000000
61998 92.000000
61997 92.000000
61996 92.000000
61980 92.000000
61976 92.000000
61972 92.000000
61968 92.000000
7790 92.000000
7761 92.000000
7747 92.000000
7661 92.000000
7650 92.000000
7643 92.000000
7630 92.000000
7627 92.000000
7621 92.000000
7607 92.000000
7591 92.000000
7577 92.000000
7558 92.000000
7535 92.000000
7510 92.000000
7481 92.000000
7471 92.000000
7460 92.000000
7434 92.000000
7335 92.000000
7314 92.000000
7299 92.000000
7280 92.000000
7255 92.000000
7240 92.000000
7222 92.000000
7207 92.000000
7190 92.000000
7181 92.000000
7168 92.000000
7149 92.000000
7139 92.000000
7130 92.000000
7117 92.000000
7110 92.000000
7072 92.000000
7037 92.000000
7027 92.000000
7020 92.000000
7015 92.000000
7005 92.000000
89642 91.000000
81415 91.000000
81408 91.000000
81405 91.000000
81401 91.000000
78925 91.000000
78922 91.000000
78897 91.000000
78894 91.000000
78890 91.000000
71805 91.000000
61998 91.000000
61997 91.000000
61996 91.000000
61976 91.000000
61972 91.000000
61968 91.000000
7790 91.000000
7761 91.000000
7747 91.000000
7661 91.000000
7650 91.000000
7643 91.000000
7630 91.000000
7627 91.000000
7621 91.000000
7607 91.000000
7591 91.000000
7577 91.000000
7558 91.000000
7535 91.000000
7510 91.000000
7481 91.000000
7471 91.000000
7460 91.000000
7434 91.000000
7335 91.000000
7314 91.000000
7299 91.000000
7280 91.000000
7255 91.000000
7240 91.000000
7222 91.000000
7207 91.000000
7190 91.000000
7181 91.000000
7168 91.000000
7149 91.000000
7139 91.000000
7130 91.000000
7117 91.000000
7110 91.000000
7072 91.000000
7037 91.000000
7027 91.000000
7020 91.000000
7015 91.000000
7005 91.000000
89642 90.000000
81415 90.000000
81405 90.000000
81401 90.000000
78925 90.000000
78922 90.000000
78897 90.000000
78894 90.000000
78890 90.000000
71805 90.000000
67005 90.000000
61997 90.000000
61996 90.000000
61976 90.000000
61972 90.000000
61968 90.000000
7790 90.000000
7761 90.000000
7747 90.000000
7690 90.000000
7650 90.000000
7643 90.000000
7630 90.000000
7627 90.000000
7621 90.000000
7607 90.000000
7577 90.000000
7558 90.000000
7535 90.000000
7510 90.000000
7481 90.000000
7471 90.000000
7460 90.000000
7434 90.000000
7335 90.000000
7314 90.000000
7299 90.000000
7280 90.000000
7255 90.000000
7240 90.000000
7222 90.000000
7207 90.000000
7190 90.000000
7181 90.000000
7168 90.000000
7149 90.000000
7139 90.000000
7130 90.000000
7117 90.000000
7110 90.000000
7072 90.000000
7037 90.000000
7027 90.000000
7020 90.000000
7015 90.000000
7005 90.000000
89642 89.000000
81415 89.000000
81405 89.000000
81401 89.000000
78925 89.000000
78897 89.000000
78890 89.000000
71805 89.000000
67005 89.000000
61998 89.000000
61997 89.000000
61996 89.000000
61980 89.000000
61976 89.000000
61972 89.000000
61968 89.000000
7790 89.000000
7761 89.000000
7747 89.000000
7690 89.000000
7661 89.000000
7650 89.000000
7643 89.000000
7630 89.000000
7627 89.000000
7621 89.000000
7607 89.000000
7577 89.000000
7558 89.000000
7535 89.000000
7510 89.000000
7481 89.000000
7471 89.000000
7460 89.000000
7434 89.000000
7335 89.000000
7314 89.000000
7299 89.000000
7280 89.000000
7255 89.000000
7240 89.000000
7222 89.000000
7207 89.000000
7190 89.000000
7181 89.000000
7168 89.000000
7149 89.000000
7139 89.000000
7130 89.000000
7117 89.000000
7110 89.000000
7072 89.000000
7037 89.000000
7027 89.000000
7020 89.000000
7015 89.000000
7005 89.000000
89642 88.000000
81415 88.000000
81408 88.000000
81401 88.000000
78925 88.000000
78922 88.000000
78897 88.000000
78894 88.000000
78890 88.000000
71805 88.000000
67005 88.000000
61998 88.000000
61997 88.000000
61996 88.000000
61980 88.000000
61976 88.000000
61972 88.000000
61968 88.000000
7790 88.000000
7761 88.000000
7747 88.000000
7690 88.000000
7650 88.000000
7643 88.000000
7630 88.000000
7627 88.000000
7621 88.000000
7607 88.000000
7577 88.000000
7558 88.000000
7535 88.000000
7510 88.000000
7481 88.000000
7471 88.000000
7460 88.000000
7434 88.000000
7335 88.000000
7314 88.000000
7299 88.000000
7280 88.000000
7255 88.000000
7240 88.000000
7222 88.000000
7207 88.000000
7181 88.000000
7168 88.000000
7149 88.000000
7139 88.000000
7130 88.000000
7117 88.000000
7110 88.000000
7072 88.000000
7037 88.000000
7027 88.000000
7020 88.000000
7015 88.000000
89642 87.000000
81415 87.000000
81408 87.000000
81401 87.000000
78925 87.000000
78922 87.000000
78897 87.000000
78894 87.000000
78890 87.000000
71805 87.000000
67005 87.000000
61998 87.000000
61997 87.000000
61996 87.000000
61980 87.000000
61976 87.000000
61972 87.000000
61968 87.000000
7790 87.000000
7761 87.000000
7747 87.000000
7690 87.000000
7661 87.000000
7650 87.000000
7643 87.000000
7630 87.000000
7621 87.000000
7607 87.000000
7591 87.000000
7577 87.000000
7558 87.000000
7535 87.000000
7510 87.000000
7481 87.000000
7471 87.000000
7460 87.000000
7434 87.000000
7335 87.000000
7314 87.000000
7299 87.000000
7280 87.000000
7255 87.000000
7240 87.000000
7222 87.000000
7207 87.000000
7190 87.000000
7181 87.000000
7168 87.000000
7149 87.000000
7139 87.000000
7130 87.000000
7117 87.000000
7110 87.000000
7072 87.000000
7037 87.000000
7027 87.000000
7020 87.000000
7015 87.000000
7005 87.000000
89642 86.000000
81415 86.000000
81408 86.000000
81405 86.000000
81401 86.000000
78925 86.000000
78922 86.000000
78897 86.000000
78894 86.000000
78890 86.000000
71805 86.000000
67005 86.000000
61998 86.000000
61997 86.000000
61996 86.000000
61980 86.000000
61976 86.000000
61972 86.000000
61968 86.000000
7790 86.000000
7761 86.000000
7747 86.000000
7690 86.000000
7650 86.000000
7643 86.000000
7630 86.000000
7627 86.000000
7621 86.000000
7607 86.000000
7577 86.000000
7558 86.000000
7535 86.000000
7510 86.000000
7471 86.000000
7460 86.000000
7434 86.000000
7335 86.000000
7314 86.000000
7299 86.000000
7280 86.000000
7255 86.000000
7240 86.000000
7222 86.000000
7207 86.000000
7190 86.000000
7181 86.000000
7168 86.000000
7149 86.000000
7139 86.000000
7117 86.000000
7110 86.000000
7072 86.000000
7037 86.000000
7027 86.000000
7020 86.000000
7015 86.000000
7005 86.000000
89642 85.000000
81415 85.000000
81408 85.000000
81405 85.000000
81401 85.000000
78925 85.000000
78922 85.000000
78897 85.000000
78894 85.000000
78890 85.000000
71805 85.000000
67005 85.000000
61998 85.000000
61997 85.000000
61996 85.000000
61980 85.000000
61976 85.000000
61972 85.000000
61968 85.000000
7790 85.000000
7761 85.000000
7747 85.000000
7690 85.000000
7661 85.000000
7650 85.000000
7630 85.000000
7627 85.000000
7621 85.000000
7607 85.000000
7577 85.000000
7558 85.000000
7535 85.000000
7481 85.000000
7471 85.000000
7460 85.000000
7434 85.000000
7335 85.000000
7314 85.000000
7299 85.000000
7280 85.000000
7255 85.000000
7240 85.000000
7222 85.000000
7207 85.000000
7190 85.000000
7181 85.000000
7168 85.000000
7149 85.000000
7139 85.000000
7130 85.000000
7117 85.000000
7110 85.000000
7072 85.000000
7037 85.000000
7027 85.000000
7020 85.000000
7015 85.000000
7005 85.000000
89642 84.000000
81415 84.000000
81408 84.000000
81405 84.000000
81401 84.000000
78925 84.000000
78922 84.000000
78897 84.000000
78894 84.000000
78890 84.000000
71805 84.000000
67005 84.000000
61998 84.000000
61997 84.000000
61996 84.000000
61980 84.000000
61976 84.000000
61972 84.000000
61968 84.000000
7790 84.000000
7761 84.000000
7747 84.000000
7690 84.000000
7650 84.000000
7630 84.000000
7627 84.000000
7621 84.000000
7607 84.000000
7591 84.000000
7577 84.000000
7558 84.000000
7510 84.000000
7481 84.000000
7471 84.000000
7460 84.000000
7434 84.000000
7335 84.000000
7314 84.000000
7299 84.000000
7280 84.000000
7255 84.000000
7240 84.000000
7222 84.000000
7207 84.000000
7190 84.000000
7181 84.000000
7168 84.000000
7149 84.000000
7139 84.000000
7130 84.000000
7117 84.000000
7110 84.000000
7072 84.000000
7037 84.000000
7027 84.000000
7020 84.000000
7015 84.000000
7005 84.000000
89642 83.000000
81415 83.000000
81408 83.000000
81405 83.000000
81401 83.000000
78925 83.000000
78922 83.000000
78897 83.000000
78894 83.000000
78890 83.000000
71805 83.000000
67005 83.000000
61998 83.000000
61997 83.000000
61996 83.000000
61980 83.000000
61976 83.000000
61972 83.000000
61968 83.000000
7790 83.000000
7761 83.000000
7747 83.000000
7690 83.000000
7661 83.000000
7650 83.000000
7630 83.000000
7627 83.000000
7621 83.000000
7607 83.000000
7591 83.000000
7577 83.000000
7558 83.000000
7535 83.000000
7510 83.000000
7471 83.000000
7460 83.000000
7434 83.000000
7335 83.000000
7314 83.000000
7299 83.000000
7280 83.000000
7255 83.000000
7240 83.000000
7222 83.000000
7207 83.000000
7190 83.000000
7181 83.000000
7168 83.000000
7149 83.000000
7139 83.000000
7130 83.000000
7117 83.000000
7110 83.000000
7072 83.000000
7037 83.000000
7027 83.000000
7020 83.000000
7015 83.000000
7005 83.000000
89642 82.000000
81415 82.000000
81408 82.000000
81405 82.000000
78925 82.000000
78922 82.000000
78897 82.000000
78894 82.000000
78890 82.000000
71805 82.000000
61998 82.000000
61997 82.000000
61996 82.000000
61980 82.000000
61976 82.000000
61972 82.000000
61968 82.000000
7790 82.000000
7761 82.000000
7747 82.000000
7690 82.000000
7661 82.000000
7650 82.000000
7643 82.000000
7630 82.000000
7627 82.000000
7621 82.000000
7607 82.000000
7591 82.000000
7577 82.000000
7558 82.000000
7535 82.000000
7510 82.000000
7481 82.000000
7471 82.000000
7460 82.000000
7434 82.000000
7335 82.000000
7314 82.000000
7299 82.000000
7280 82.000000
7255 82.000000
7240 82.000000
7222 82.000000
7207 82.000000
7190 82.000000
7168 82.000000
7149 82.000000
7139 82.000000
7130 82.000000
7117 82.000000
7110 82.000000
7072 82.000000
7037 82.000000
7027 82.000000
7020 82.000000
7015 82.000000
7005 82.000000
89642 81.000000
81415 81.000000
81405 81.000000
81401 81.000000
78925 81.000000
78922 81.000000
78897 81.000000
78894 81.000000
78890 81.000000
71805 81.000000
67005 81.000000
61998 81.000000
61997 81.000000
61996 81.000000
61980 81.000000
61976 81.000000
61972 81.000000
61968 81.000000
7790 81.000000
7761 81.000000
7690 81.000000
7650 81.000000
7643 81.000000
7630 81.000000
7627 81.000000
7621 81.000000
7607 81.000000
7591 81.000000
7577 81.000000
7558 81.000000
7535 81.000000
7481 81.000000
7471 81.000000
7460 81.000000
7434 81.000000
7335 81.000000
7314 81.000000
7299 81.000000
7280 81.000000
7255 81.000000
7240 81.000000
7222 81.000000
7207 81.000000
7190 81.000000
7181 81.000000
7168 81.000000
7149 81.000000
7139 81.000000
7130 81.000000
7117 81.000000
7110 81.000000
7072 81.000000
7037 81.000000
7027 81.000000
7020 81.000000
7015 81.000000
7005 81.000000
89642 80.000000
81415 80.000000
81408 80.000000
81405 80.000000
81401 80.000000
78925 80.000000
78922 80.000000
78897 80.000000
78894 80.000000
78890 80.000000
67005 80.000000
61998 80.000000
61997 80.000000
61996 80.000000
61980 80.000000
61976 80.000000
61972 80.000000
61968 80.000000
7790 80.000000
7761 80.000000
7747 80.000000
7690 80.000000
7661 80.000000
7650 80.000000
7643 80.000000
7630 80.000000
7627 80.000000
7621 80.000000
7607 80.000000
7591 80.000000
7577 80.000000
7558 80.000000
7535 80.000000
7510 80.000000
7481 80.000000
7471 80.000000
7460 80.000000
7434 80.000000
7314 80.000000
7299 80.000000
7280 80.000000
7255 80.000000
7240 80.000000
7222 80.000000
7207 80.000000
7190 80.000000
7181 80.000000
7168 80.000000
7139 80.000000
7130 80.000000
7117 80.000000
7110 80.000000
7072 80.000000
7037 80.000000
7027 80.000000
7020 80.000000
7015 80.000000
7005 80.000000
81415 79.000000
81405 79.000000
81401 79.000000
78925 79.000000
78922 79.000000
78897 79.000000
78894 79.000000
78890 79.000000
71805 79.000000
67005 79.000000
61998 79.000000
61996 79.000000
61980 79.000000
61976 79.000000
61972 79.000000
61968 79.000000
7790 79.000000
7761 79.000000
7690 79.000000
7650 79.000000
7643 79.000000
7630 79.000000
7627 79.000000
7621 79.000000
7607 79.000000
7591 79.000000
7577 79.000000
7558 79.000000
7535 79.000000
7510 79.000000
7481 79.000000
7471 79.000000
7460 79.000000
7434 79.000000
7335 79.000000
7314 79.000000
7299 79.000000
7280 79.000000
7255 79.000000
7240 79.000000
7222 79.000000
7207 79.000000
7190 79.000000
7181 79.000000
7168 79.000000
7149 79.000000
7139 79.000000
7130 79.000000
7117 79.000000
7110 79.000000
7072 79.000000
7037 79.000000
7027 79.000000
7020 79.000000
7015 79.000000
7005 79.000000
81415 78.000000
81408 78.000000
81405 78.000000
81401 78.000000
78925 78.000000
78922 78.000000
78897 78.000000
78894 78.000000
78890 78.000000
71805 78.000000
67005 78.000000
61998 78.000000
61997 78.000000
61996 78.000000
61980 78.000000
61976 78.000000
61972 78.000000
61968 78.000000
7790 78.000000
7761 78.000000
7747 78.000000
7690 78.000000
7661 78.000000
7650 78.000000
7643 78.000000
7630 78.000000
7627 78.000000
7621 78.000000
7607 78.000000
7591 78.000000
7558 78.000000
7535 78.000000
7510 78.000000
7481 78.000000
7471 78.000000
7460 78.000000
7434 78.000000
7335 78.000000
7314 78.000000
7299 78.000000
7280 78.000000
7240 78.000000
7222 78.000000
7207 78.000000
7190 78.000000
7181 78.000000
7168 78.000000
7149 78.000000
7130 78.000000
7117 78.000000
7110 78.000000
7037 78.000000
7027 78.000000
7020 78.000000
7015 78.000000
7005 78.000000
89642 77.000000
81415 77.000000
81408 77.000000
81405 77.000000
81401 77.000000
78925 77.000000
78922 77.000000
78897 77.000000
78894 77.000000
78890 77.000000
71805 77.000000
67005 77.000000
61998 77.000000
61997 77.000000
61996 77.000000
61980 77.000000
61976 77.000000
61972 77.000000
61968 77.000000
7790 77.000000
7761 77.000000
7747 77.000000
7690 77.000000
7661 77.000000
7650 77.000000
7643 77.000000
7630 77.000000
7627 77.000000
7621 77.000000
7591 77.000000
7577 77.000000
7558 77.000000
7510 77.000000
7471 77.000000
7460 77.000000
7434 77.000000
7335 77.000000
7314 77.000000
7299 77.000000
7280 77.000000
7255 77.000000
7240 77.000000
7222 77.000000
7207 77.000000
7190 77.000000
7181 77.000000
7168 77.000000
7149 77.000000
7139 77.000000
7130 77.000000
7117 77.000000
7110 77.000000
7072 77.000000
7037 77.000000
7020 77.000000
7015 77.000000
7005 77.000000
89642 76.000000
81415 76.000000
81408 76.000000
81405 76.000000
81401 76.000000
78925 76.000000
78922 76.000000
78897 76.000000
78894 76.000000
78890 76.000000
71805 76.000000
67005 76.000000
61998 76.000000
61997 76.000000
61996 76.000000
61980 76.000000
61976 76.000000
61972 76.000000
61968 76.000000
7790 76.000000
7761 76.000000
7690 76.000000
7661 76.000000
7650 76.000000
7643 76.000000
7630 76.000000
7627 76.000000
7621 76.000000
7607 76.000000
7591 76.000000
7577 76.000000
7558 76.000000
7535 76.000000
7510 76.000000
7481 76.000000
7471 76.000000
7460 76.000000
7434 76.000000
7335 76.000000
7314 76.000000
7299 76.000000
7280 76.000000
7255 76.000000
7240 76.000000
7222 76.000000
7207 76.000000
7190 76.000000
7181 76.000000
7168 76.000000
7149 76.000000
7139 76.000000
7117 76.000000
7110 76.000000
7072 76.000000
7037 76.000000
7027 76.000000
7020 76.000000
7015 76.000000
7005 76.000000
89642 75.000000
81415 75.000000
81408 75.000000
81405 75.000000
81401 75.000000
78925 75.000000
78922 75.000000
78897 75.000000
78894 75.000000
78890 75.000000
67005 75.000000
61998 75.000000
61997 75.000000
61996 75.000000
61980 75.000000
61976 75.000000
61972 75.000000
61968 75.000000
7790 75.000000
7761 75.000000
7747 75.000000
7690 75.000000
7661 75.000000
7650 75.000000
7643 75.000000
7630 75.000000
7627 75.000000
7621 75.000000
7607 75.000000
7591 75.000000
7577 75.000000
7558 75.000000
7535 75.000000
7510 75.000000
7481 75.000000
7471 75.000000
7460 75.000000
7434 75.000000
7335 75.000000
7314 75.000000
7299 75.000000
7280 75.000000
7255 75.000000
7240 75.000000
7222 75.000000
7207 75.000000
7190 75.000000
7181 75.000000
7168 75.000000
7149 75.000000
7139 75.000000
7130 75.000000
7117 75.000000
7072 75.000000
7037 75.000000
7027 75.000000
7020 75.000000
7015 75.000000
7005 75.000000
81415 74.000000
81408 74.000000
81405 74.000000
81401 74.000000
78925 74.000000
78922 74.000000
78897 74.000000
78894 74.000000
78890 74.000000
71805 74.000000
67005 74.000000
61998 74.000000
61997 74.000000
61996 74.000000
61980 74.000000
61976 74.000000
61972 74.000000
61968 74.000000
7790 74.000000
7761 74.000000
7747 74.000000
7690 74.000000
7661 74.000000
7650 74.000000
7643 74.000000
7630 74.000000
7627 74.000000
7621 74.000000
7607 74.000000
7591 74.000000
7577 74.000000
7558 74.000000
7535 74.000000
7510 74.000000
7481 74.000000
7471 74.000000
7460 74.000000
7434 74.000000
7335 74.000000
7314 74.000000
7299 74.000000
7280 74.000000
7255 74.000000
7240 74.000000
7222 74.000000
7207 74.000000
7190 74.000000
7181 74.000000
7168 74.000000
7149 74.000000
7130 74.000000
7117 74.000000
7110 74.000000
7072 74.000000
7037 74.000000
7027 74.000000
7020 74.000000
7015 74.000000
89642 73.000000
81408 73.000000
81405 73.000000
78925 73.000000
78922 73.000000
78897 73.000000
78894 73.000000
78890 73.000000
71805 73.000000
61998 73.000000
61997 73.000000
61996 73.000000
61980 73.000000
61976 73.000000
61972 73.000000
61968 73.000000
7790 73.000000
7761 73.000000
7747 73.000000
7690 73.000000
7661 73.000000
7643 73.000000
7630 73.000000
7627 73.000000
7621 73.000000
7607 73.000000
7591 73.000000
7577 73.000000
7558 73.000000
7535 73.000000
7510 73.000000
7481 73.000000
7471 73.000000
7460 73.000000
7434 73.000000
7335 73.000000
7314 73.000000
7299 73.000000
7280 73.000000
7255 73.000000
7240 73.000000
7222 73.000000
7207 73.000000
7190 73.000000
7168 73.000000
7149 73.000000
7139 73.000000
7130 73.000000
7117 73.000000
7110 73.000000
7072 73.000000
7027 73.000000
7020 73.000000
7015 73.000000
7005 73.000000
89642 72.000000
81408 72.000000
81405 72.000000
81401 72.000000
78925 72.000000
78922 72.000000
78897 72.000000
78894 72.000000
78890 72.000000
71805 72.000000
67005 72.000000
61998 72.000000
61997 72.000000
61996 72.000000
61980 72.000000
61976 72.000000
61972 72.000000
61968 72.000000
7790 72.000000
7761 72.000000
7747 72.000000
7690 72.000000
7661 72.000000
7650 72.000000
7643 72.000000
7630 72.000000
7627 72.000000
7621 72.000000
7591 72.000000
7577 72.000000
7558 72.000000
7535 72.000000
7510 72.000000
7481 72.000000
7471 72.000000
7460 72.000000
7434 72.000000
7335 72.000000
7314 72.000000
7299 72.000000
7280 72.000000
7255 72.000000
7240 72.000000
7222 72.000000
7207 72.000000
7190 72.000000
7181 72.000000
7168 72.000000
7149 72.000000
7139 72.000000
7130 72.000000
7117 72.000000
7110 72.000000
7072 72.000000
7037 72.000000
7027 72.000000
7020 72.000000
7015 72.000000
7005 72.000000
89642 71.000000
81415 71.000000
81405 71.000000
78925 71.000000
78922 71.000000
78897 71.000000
78894 71.000000
78890 71.000000
71805 71.000000
67005 71.000000
61998 71.000000
61997 71.000000
61996 71.000000
61980 71.000000
61976 71.000000
61972 71.000000
61968 71.000000
7790 71.000000
7761 71.000000
7690 71.000000
7661 71.000000
7650 71.000000
7643 71.000000
7630 71.000000
7627 71.000000
7621 71.000000
7607 71.000000
7591 71.000000
7577 71.000000
7558 71.000000
7535 71.000000
7510 71.000000
7481 71.000000
7471 71.000000
7460 71.000000
7434 71.000000
7335 71.000000
7314 71.000000
7299 71.000000
7280 71.000000
7255 71.000000
7240 71.000000
7207 71.000000
7190 71.000000
7181 71.000000
7168 71.000000
7149 71.000000
7139 71.000000
7117 71.000000
7110 71.000000
7072 71.000000
7037 71.000000
7027 71.000000
7020 71.000000
7015 71.000000
7005 71.000000
89642 70.000000
81415 70.000000
81405 70.000000
81401 70.000000
78925 70.000000
78922 70.000000
78897 70.000000
78894 70.000000
78890 70.000000
71805 70.000000
67005 70.000000
61998 70.000000
61997 70.000000
61996 70.000000
61980 70.000000
61976 70.000000
61972 70.000000
61968 70.000000
7790 70.000000
7761 70.000000
7747 70.000000
7690 70.000000
7661 70.000000
7650 70.000000
7643 70.000000
7630 70.000000
7627 70.000000
7607 70.000000
7591 70.000000
7577 70.000000
7558 70.000000
7535 70.000000
7510 70.000000
7481 70.000000
7471 70.000000
7460 70.000000
7434 70.000000
7335 70.000000
7314 70.000000
7299 70.000000
7280 70.000000
7255 70.000000
7240 70.000000
7222 70.000000
7190 70.000000
7181 70.000000
7168 70.000000
7149 70.000000
7139 70.000000
7130 70.000000
7117 70.000000
7110 70.000000
7072 70.000000
7037 70.000000
7020 70.000000
7015 70.000000
7005 70.000000
89642 69.000000
81415 69.000000
81408 69.000000
81405 69.000000
81401 69.000000
78925 69.000000
78922 69.000000
78897 69.000000
78894 69.000000
78890 69.000000
71805 69.000000
67005 69.000000
61998 69.000000
61997 69.000000
61996 69.000000
61980 69.000000
61976 69.000000
61972 69.000000
61968 69.000000
7790 69.000000
7761 69.000000
7747 69.000000
7690 69.000000
7661 69.000000
7630 69.000000
7627 69.000000
7621 69.000000
7607 69.000000
7591 69.000000
7577 69.000000
7535 69.000000
7510 69.000000
7481 69.000000
7471 69.000000
7460 69.000000
7335 69.000000
7299 69.000000
7280 69.000000
7255 69.000000
7240 69.000000
7222 69.000000
7207 69.000000
7190 69.000000
7181 69.000000
7168 69.000000
7149 69.000000
7139 69.000000
7117 69.000000
7110 69.000000
7072 69.000000
7037 69.000000
7027 69.000000
7020 69.000000
7015 69.000000
7005 69.000000
89642 68.000000
81415 68.000000
81408 68.000000
81405 68.000000
81401 68.000000
78925 68.000000
78922 68.000000
78897 68.000000
78894 68.000000
78890 68.000000
71805 68.000000
67005 68.000000
61998 68.000000
61997 68.000000
61996 68.000000
61980 68.000000
61976 68.000000
61972 68.000000
61968 68.000000
7790 68.000000
7761 68.000000
7747 68.000000
7690 68.000000
7661 68.000000
7650 68.000000
7643 68.000000
7630 68.000000
7621 68.000000
7607 68.000000
7591 68.000000
7577 68.000000
7558 68.000000
7535 68.000000
7510 68.000000
7481 68.000000
7471 68.000000
7460 68.000000
7434 68.000000
7335 68.000000
7314 68.000000
7299 68.000000
7280 68.000000
7240 68.000000
7222 68.000000
7207 68.000000
7190 68.000000
7181 68.000000
7168 68.000000
7139 68.000000
7130 68.000000
7117 68.000000
7110 68.000000
7072 68.000000
7037 68.000000
7027 68.000000
7020 68.000000
7015 68.000000
7005 68.000000
89642 67.000000
81415 67.000000
81408 67.000000
81401 67.000000
78925 67.000000
78922 67.000000
78897 67.000000
78894 67.000000
78890 67.000000
71805 67.000000
67005 67.000000
61998 67.000000
61997 67.000000
61996 67.000000
61980 67.000000
61976 67.000000
61972 67.000000
61968 67.000000
7790 67.000000
7761 67.000000
7747 67.000000
7690 67.000000
7661 67.000000
7650 67.000000
7643 67.000000
7630 67.000000
7627 67.000000
7621 67.000000
7607 67.000000
7591 67.000000
7577 67.000000
7558 67.000000
7535 67.000000
7510 67.000000
7481 67.000000
7471 67.000000
7460 67.000000
7434 67.000000
7314 67.000000
7299 67.000000
7280 67.000000
7255 67.000000
7240 67.000000
7222 67.000000
7207 67.000000
7190 67.000000
7181 67.000000
7130 67.000000
7110 67.000000
7027 67.000000
7020 67.000000
7015 67.000000
7005 67.000000
89642 66.000000
81415 66.000000
81405 66.000000
81401 66.000000
78925 66.000000
78922 66.000000
78894 66.000000
78890 66.000000
71805 66.000000
67005 66.000000
61998 66.000000
61997 66.000000
61996 66.000000
61980 66.000000
61976 66.000000
61972 66.000000
61968 66.000000
7790 66.000000
7761 66.000000
7747 66.000000
7690 66.000000
7650 66.000000
7643 66.000000
7630 66.000000
7627 66.000000
7621 66.000000
7607 66.000000
7577 66.000000
7558 66.000000
7510 66.000000
7481 66.000000
7471 66.000000
7434 66.000000
7335 66.000000
7314 66.000000
7299 66.000000
7280 66.000000
7255 66.000000
7240 66.000000
7222 66.000000
7207 66.000000
7190 66.000000
7181 66.000000
7168 66.000000
7149 66.000000
7139 66.000000
7130 66.000000
7117 66.000000
7072 66.000000
7037 66.000000
7027 66.000000
7020 66.000000
7015 66.000000
7005 66.000000
89642 65.000000
81408 65.000000
81405 65.000000
81401 65.000000
78925 65.000000
78897 65.000000
78894 65.000000
78890 65.000000
61998 65.000000
61996 65.000000
61980 65.000000
61976 65.000000
61972 65.000000
61968 65.000000
7790 65.000000
7761 65.000000
7747 65.000000
7690 65.000000
7661 65.000000
7650 65.000000
7643 65.000000
7630 65.000000
7627 65.000000
7621 65.000000
7607 65.000000
7591 65.000000
7577 65.000000
7558 65.000000
7535 65.000000
7510 65.000000
7481 65.000000
7471 65.000000
7460 65.000000
7434 65.000000
7335 65.000000
7314 65.000000
7280 65.000000
7255 65.000000
7240 65.000000
7222 65.000000
7207 65.000000
7190 65.000000
7181 65.000000
7168 65.000000
7149 65.000000
7139 65.000000
7130 65.000000
7117 65.000000
7110 65.000000
7072 65.000000
7037 65.000000
7027 65.000000
7020 65.000000
7005 65.000000
81415 64.000000
81408 64.000000
81405 64.000000
78925 64.000000
78922 64.000000
78897 64.000000
78894 64.000000
71805 64.000000
67005 64.000000
61998 64.000000
61997 64.000000
61996 64.000000
61980 64.000000
61976 64.000000
61972 64.000000
61968 64.000000
7790 64.000000
7761 64.000000
7747 64.000000
7690 64.000000
7650 64.000000
7643 64.000000
7630 64.000000
7627 64.000000
7621 64.000000
7607 64.000000
7591 64.000000
7577 64.000000
7558 64.000000
7535 64.000000
7510 64.000000
7481 64.000000
7471 64.000000
7460 64.000000
7434 64.000000
7335 64.000000
7314 64.000000
7299 64.000000
7280 64.000000
7255 64.000000
7240 64.000000
7222 64.000000
7190 64.000000
7181 64.000000
7168 64.000000
7149 64.000000
7139 64.000000
7117 64.000000
7037 64.000000
7027 64.000000
7020 64.000000
7015 64.000000
7005 64.000000
81415 63.000000
81408 63.000000
81405 63.000000
81401 63.000000
78925 63.000000
78922 63.000000
78897 63.000000
78890 63.000000
61998 63.000000
61997 63.000000
61996 63.000000
61980 63.000000
61976 63.000000
61972 63.000000
61968 63.000000
7790 63.000000
7761 63.000000
7747 63.000000
7690 63.000000
7661 63.000000
7650 63.000000
7643 63.000000
7621 63.000000
7607 63.000000
7591 63.000000
7577 63.000000
7510 63.000000
7481 63.000000
7460 63.000000
7434 63.000000
7314 63.000000
7299 63.000000
7280 63.000000
7255 63.000000
7240 63.000000
7222 63.000000
7207 63.000000
7190 63.000000
7181 63.000000
7168 63.000000
7149 63.000000
7139 63.000000
7130 63.000000
7117 63.000000
7072 63.000000
7027 63.000000
7020 63.000000
7015 63.000000
7005 63.000000
89642 62.000000
81415 62.000000
81408 62.000000
81401 62.000000
78925 62.000000
78922 62.000000
78897 62.000000
78894 62.000000
78890 62.000000
71805 62.000000
67005 62.000000
61998 62.000000
61997 62.000000
61996 62.000000
61980 62.000000
61976 62.000000
61972 62.000000
61968 62.000000
7790 62.000000
7761 62.000000
7747 62.000000
7690 62.000000
7661 62.000000
7650 62.000000
7643 62.000000
7630 62.000000
7627 62.000000
7621 62.000000
7607 62.000000
7591 62.000000
7577 62.000000
7558 62.000000
7535 62.000000
7510 62.000000
7481 62.000000
7471 62.000000
7460 62.000000
7434 62.000000
7335 62.000000
7314 62.000000
7299 62.000000
7280 62.000000
7255 62.000000
7240 62.000000
7222 62.000000
7207 62.000000
7190 62.000000
7181 62.000000
7149 62.000000
7139 62.000000
7130 62.000000
7110 62.000000
7037 62.000000
7020 62.000000
7015 62.000000
7005 62.000000
89642 61.000000
81415 61.000000
81408 61.000000
81405 61.000000
81401 61.000000
78925 61.000000
78922 61.000000
78897 61.000000
78894 61.000000
78890 61.000000
71805 61.000000
67005 61.000000
61998 61.000000
61996 61.000000
61980 61.000000
61976 61.000000
61972 61.000000
7790 61.000000
7761 61.000000
7747 61.000000
7690 61.000000
7661 61.000000
7650 61.000000
7643 61.000000
7630 61.000000
7627 61.000000
7621 61.000000
7607 61.000000
7591 61.000000
7558 61.000000
7535 61.000000
7481 61.000000
7471 61.000000
7460 61.000000
7434 61.000000
7314 61.000000
7299 61.000000
7280 61.000000
7240 61.000000
7207 61.000000
7190 61.000000
7181 61.000000
7168 61.000000
7149 61.000000
7139 61.000000
7130 61.000000
7037 61.000000
7020 61.000000
7015 61.000000
7005 61.000000
89642 60.000000
81415 60.000000
81408 60.000000
81405 60.000000
78925 60.000000
78922 60.000000
78897 60.000000
78894 60.000000
71805 60.000000
61998 60.000000
61997 60.000000
61996 60.000000
61980 60.000000
61976 60.000000
61972 60.000000
61968 60.000000
7790 60.000000
7761 60.000000
7747 60.000000
7690 60.000000
7661 60.000000
7650 60.000000
7643 60.000000
7630 60.000000
7627 60.000000
7621 60.000000
7607 60.000000
7591 60.000000
7577 60.000000
7535 60.000000
7510 60.000000
7481 60.000000
7471 60.000000
7460 60.000000
7434 60.000000
7335 60.000000
7314 60.000000
7280 60.000000
7255 60.000000
7222 60.000000
7207 60.000000
7190 60.000000
7181 60.000000
7139 60.000000
7117 60.000000
7110 60.000000
7072 60.000000
7037 60.000000
7027 60.000000
89642 59.000000
81405 59.000000
78925 59.000000
78922 59.000000
78897 59.000000
78894 59.000000
71805 59.000000
67005 59.000000
61998 59.000000
61997 59.000000
61996 59.000000
61980 59.000000
61972 59.000000
61968 59.000000
7790 59.000000
7761 59.000000
7747 59.000000
7690 59.000000
7650 59.000000
7643 59.000000
7630 59.000000
7627 59.000000
7607 59.000000
7577 59.000000
7558 59.000000
7535 59.000000
7510 59.000000
7481 59.000000
7471 59.000000
7460 59.000000
7434 59.000000
7335 59.000000
7314 59.000000
7299 59.000000
7280 59.000000
7255 59.000000
7240 59.000000
7222 59.000000
7181 59.000000
7168 59.000000
7149 59.000000
7139 59.000000
7130 59.000000
7117 59.000000
7110 59.000000
7072 59.000000
7027 59.000000
7020 59.000000
7015 59.000000
7005 59.000000
89642 58.000000
81415 58.000000
81405 58.000000
78925 58.000000
78897 58.000000
78894 58.000000
78890 58.000000
71805 58.000000
61998 58.000000
61996 58.000000
61980 58.000000
61976 58.000000
61972 58.000000
61968 58.000000
7790 58.000000
7761 58.000000
7747 58.000000
7690 58.000000
7661 58.000000
7650 58.000000
7643 58.000000
7627 58.000000
7621 58.000000
7607 58.000000
7591 58.000000
7577 58.000000
7558 58.000000
7535 58.000000
7510 58.000000
7481 58.000000
7460 58.000000
7434 58.000000
7299 58.000000
7255 58.000000
7240 58.000000
7207 58.000000
7190 58.000000
7181 58.000000
7168 58.000000
7149 58.000000
7139 58.000000
7130 58.000000
7072 58.000000
7037 58.000000
7027 58.000000
7015 58.000000
7005 58.000000
89642 57.000000
81415 57.000000
81408 57.000000
81405 57.000000
81401 57.000000
78922 57.000000
78897 57.000000
78894 57.000000
71805 57.000000
61997 57.000000
61996 57.000000
61980 57.000000
61976 57.000000
61972 57.000000
61968 57.000000
7790 57.000000
7761 57.000000
7747 57.000000
7690 57.000000
7661 57.000000
7650 57.000000
7630 57.000000
7627 57.000000
7621 57.000000
7591 57.000000
7577 57.000000
7558 57.000000
7535 57.000000
7460 57.000000
7434 57.000000
7335 57.000000
7299 57.000000
7280 57.000000
7255 57.000000
7240 57.000000
7222 57.000000
7207 57.000000
7190 57.000000
7181 57.000000
7168 57.000000
7139 57.000000
7130 57.000000
7110 57.000000
7037 57.000000
7027 57.000000
7015 57.000000
7005 57.000000
89642 56.000000
81408 56.000000
81401 56.000000
78925 56.000000
78897 56.000000
78894 56.000000
78890 56.000000
71805 56.000000
61998 56.000000
61980 56.000000
61972 56.000000
61968 56.000000
7790 56.000000
7761 56.000000
7747 56.000000
7690 56.000000
7661 56.000000
7650 56.000000
7643 56.000000
7630 56.000000
7627 56.000000
7607 56.000000
7591 56.000000
7577 56.000000
7558 56.000000
7535 56.000000
7510 56.000000
7481 56.000000
7471 56.000000
7460 56.000000
7434 56.000000
7299 56.000000
7280 56.000000
7255 56.000000
7240 56.000000
7222 56.000000
7207 56.000000
7190 56.000000
7181 56.000000
7168 56.000000
7149 56.000000
7139 56.000000
7130 56.000000
7117 56.000000
7110 56.000000
7072 56.000000
7037 56.000000
7015 56.000000
7005 56.000000
89642 55.000000
81415 55.000000
81401 55.000000
71805 55.000000
61996 55.000000
61980 55.000000
61972 55.000000
61968 55.000000
7790 55.000000
7761 55.000000
7747 55.000000
7690 55.000000
7661 55.000000
7650 55.000000
7643 55.000000
7630 55.000000
7627 55.000000
7621 55.000000
7607 55.000000
7591 55.000000
7577 55.000000
7558 55.000000
7535 55.000000
7510 55.000000
7471 55.000000
7460 55.000000
7434 55.000000
7335 55.000000
7314 55.000000
7299 55.000000
7280 55.000000
7255 55.000000
7240 55.000000
7222 55.000000
7190 55.000000
7181 55.000000
7168 55.000000
7149 55.000000
7139 55.000000
7130 55.000000
7110 55.000000
7072 55.000000
7037 55.000000
7020 55.000000
7015 55.000000
7005 55.000000
89642 54.000000
81415 54.000000
78922 54.000000
78897 54.000000
61972 54.000000
61968 54.000000
7790 54.000000
7761 54.000000
7747 54.000000
7690 54.000000
7650 54.000000
7643 54.000000
7630 54.000000
7627 54.000000
7621 54.000000
7591 54.000000
7577 54.000000
7558 54.000000
7535 54.000000
7510 54.000000
7481 54.000000
7471 54.000000
7460 54.000000
7434 54.000000
7335 54.000000
7314 54.000000
7299 54.000000
7280 54.000000
7255 54.000000
7240 54.000000
7207 54.000000
7190 54.000000
7168 54.000000
7139 54.000000
7110 54.000000
7072 54.000000
7027 54.000000
7005 54.000000
89642 53.000000
81415 53.000000
81408 53.000000
81405 53.000000
78922 53.000000
78897 53.000000
78894 53.000000
61998 53.000000
61996 53.000000
61980 53.000000
61968 53.000000
7790 53.000000
7761 53.000000
7747 53.000000
7661 53.000000
7650 53.000000
7643 53.000000
7630 53.000000
7621 53.000000
7607 53.000000
7591 53.000000
7577 53.000000
7535 53.000000
7510 53.000000
7481 53.000000
7471 53.000000
7460 53.000000
7434 53.000000
7335 53.000000
7314 53.000000
7299 53.000000
7280 53.000000
7255 53.000000
7222 53.000000
7207 53.000000
7181 53.000000
7149 53.000000
7139 53.000000
7130 53.000000
7110 53.000000
7037 53.000000
7015 53.000000
7005 53.000000
89642 52.000000
81408 52.000000
81405 52.000000
78894 52.000000
71805 52.000000
61998 52.000000
61996 52.000000
61980 52.000000
61968 52.000000
7790 52.000000
7761 52.000000
7747 52.000000
7690 52.000000
7661 52.000000
7650 52.000000
7643 52.000000
7627 52.000000
7621 52.000000
7607 52.000000
7591 52.000000
7577 52.000000
7558 52.000000
7535 52.000000
7510 52.000000
7481 52.000000
7460 52.000000
7434 52.000000
7335 52.000000
7299 52.000000
7240 52.000000
7190 52.000000
7181 52.000000
7168 52.000000
7149 52.000000
7110 52.000000
7037 52.000000
7027 52.000000
7015 52.000000
7005 52.000000
89642 51.000000
61980 51.000000
61972 51.000000
61968 51.000000
7790 51.000000
7761 51.000000
7747 51.000000
7690 51.000000
7661 51.000000
7650 51.000000
7643 51.000000
7630 51.000000
7627 51.000000
7621 51.000000
7607 51.000000
7591 51.000000
7577 51.000000
7558 51.000000
7535 51.000000
7510 51.000000
7460 51.000000
7434 51.000000
7335 51.000000
7314 51.000000
7299 51.000000
7280 51.000000
7255 51.000000
7222 51.000000
7190 51.000000
7181 51.000000
7168 51.000000
7149 51.000000
7139 51.000000
7130 51.000000
7117 51.000000
7072 51.000000
7037 51.000000
7027 51.000000
7005 51.000000
89642 50.000000
81415 50.000000
61998 50.000000
61997 50.000000
61980 50.000000
61972 50.000000
7790 50.000000
7761 50.000000
7747 50.000000
7690 50.000000
7650 50.000000
7643 50.000000
7630 50.000000
7627 50.000000
7621 50.000000
7591 50.000000
7577 50.000000
7558 50.000000
7510 50.000000
7481 50.000000
7471 50.000000
7460 50.000000
7434 50.000000
7280 50.000000
7255 50.000000
7222 50.000000
7207 50.000000
7168 50.000000
7149 50.000000
7139 50.000000
7130 50.000000
7117 50.000000
7037 50.000000
7027 50.000000
7015 50.000000
7005 50.000000
89642 49.000000
78897 49.000000
61972 49.000000
7747 49.000000
7661 49.000000
7650 49.000000
7643 49.000000
7630 49.000000
7627 49.000000
7607 49.000000
7591 49.000000
7577 49.000000
7558 49.000000
7535 49.000000
7510 49.000000
7481 49.000000
7471 49.000000
7460 49.000000
7434 49.000000
7335 49.000000
7299 49.000000
7280 49.000000
7255 49.000000
7222 49.000000
7190 49.000000
7149 49.000000
7130 49.000000
7110 49.000000
7072 49.000000
7015 49.000000
89642 48.000000
81415 48.000000
81405 48.000000
61980 48.000000
7790 48.000000
7761 48.000000
7747 48.000000
7690 48.000000
7643 48.000000
7630 48.000000
7627 48.000000
7621 48.000000
7591 48.000000
7558 48.000000
7535 48.000000
7510 48.000000
7471 48.000000
7460 48.000000
7434 48.000000
7299 48.000000
7280 48.000000
7255 48.000000
7240 48.000000
7190 48.000000
7168 48.000000
7139 48.000000
7130 48.000000
7027 48.000000
7015 48.000000
89642 47.000000
81415 47.000000
78894 47.000000
7790 47.000000
7747 47.000000
7690 47.000000
7650 47.000000
7643 47.000000
7630 47.000000
7627 47.000000
7621 47.000000
7607 47.000000
7591 47.000000
7577 47.000000
7535 47.000000
7510 47.000000
7481 47.000000
7471 47.000000
7460 47.000000
7434 47.000000
7335 47.000000
7299 47.000000
7255 47.000000
7240 47.000000
7222 47.000000
7181 47.000000
7168 47.000000
7149 47.000000
7110 47.000000
7072 47.000000
7037 47.000000
7015 47.000000
89642 46.000000
78897 46.000000
61972 46.000000
7790 46.000000
7761 46.000000
7747 46.000000
7661 46.000000
7650 46.000000
7643 46.000000
7627 46.000000
7621 46.000000
7607 46.000000
7591 46.000000
7577 46.000000
7535 46.000000
7510 46.000000
7481 46.000000
7471 46.000000
7335 46.000000
7299 46.000000
7280 46.000000
7255 46.000000
7240 46.000000
7207 46.000000
7190 46.000000
7181 46.000000
7168 46.000000
7149 46.000000
7139 46.000000
7130 46.000000
7117 46.000000
7072 46.000000
7005 46.000000
89642 45.000000
81415 45.000000
61980 45.000000
7790 45.000000
7761 45.000000
7747 45.000000
7690 45.000000
7661 45.000000
7650 45.000000
7643 45.000000
7630 45.000000
7627 45.000000
7621 45.000000
7591 45.000000
7577 45.000000
7558 45.000000
7535 45.000000
7510 45.000000
7481 45.000000
7471 45.000000
7460 45.000000
7434 45.000000
7335 45.000000
7280 45.000000
7255 45.000000
7222 45.000000
7190 45.000000
7181 45.000000
7168 45.000000
7149 45.000000
7130 45.000000
7072 45.000000
7037 45.000000
7015 45.000000
7005 45.000000
89642 44.000000
7790 44.000000
7747 44.000000
7650 44.000000
7630 44.000000
7627 44.000000
7621 44.000000
7607 44.000000
7591 44.000000
7577 44.000000
7558 44.000000
7510 44.000000
7481 44.000000
7471 44.000000
7460 44.000000
7434 44.000000
7314 44.000000
7299 44.000000
7280 44.000000
7255 44.000000
7240 44.000000
7190 44.000000
7181 44.000000
7168 44.000000
7149 44.000000
7130 44.000000
7072 44.000000
7037 44.000000
7027 44.000000
7015 44.000000
89642 43.000000
7790 43.000000
7650 43.000000
7643 43.000000
7627 43.000000
7621 43.000000
7591 43.000000
7577 43.000000
7558 43.000000
7535 43.000000
7481 43.000000
7471 43.000000
7434 43.000000
7335 43.000000
7314 43.000000
7299 43.000000
7280 43.000000
7240 43.000000
7190 43.000000
7181 43.000000
7168 43.000000
7149 43.000000
7139 43.000000
7072 43.000000
7037 43.000000
7027 43.000000
7015 43.000000
89642 42.000000
7790 42.000000
7747 42.000000
7690 42.000000
7661 42.000000
7650 42.000000
7643 42.000000
7630 42.000000
7627 42.000000
7607 42.000000
7591 42.000000
7577 42.000000
7558 42.000000
7481 42.000000
7460 42.000000
7434 42.000000
7335 42.000000
7314 42.000000
7299 42.000000
7280 42.000000
7255 42.000000
7240 42.000000
7222 42.000000
7207 42.000000
7190 42.000000
7181 42.000000
7149 42.000000
7110 42.000000
7072 42.000000
7015 42.000000
7005 42.000000
89642 41.000000
7790 41.000000
7747 41.000000
7661 41.000000
7650 41.000000
7643 41.000000
7630 41.000000
7627 41.000000
7607 41.000000
7591 41.000000
7577 41.000000
7535 41.000000
7471 41.000000
7460 41.000000
7335 41.000000
7314 41.000000
7299 41.000000
7255 41.000000
7240 41.000000
7207 41.000000
7190 41.000000
7181 41.000000
7168 41.000000
7149 41.000000
7139 41.000000
7072 41.000000
7037 41.000000
7027 41.000000
7015 41.000000
7005 41.000000
89642 40.000000
7761 40.000000
7747 40.000000
7690 40.000000
7650 40.000000
7643 40.000000
7630 40.000000
7627 40.000000
7621 40.000000
7607 40.000000
7591 40.000000
7577 40.000000
7558 40.000000
7510 40.000000
7481 40.000000
7471 40.000000
7460 40.000000
7434 40.000000
7335 40.000000
7280 40.000000
7255 40.000000
7240 40.000000
7222 40.000000
7207 40.000000
7190 40.000000
7181 40.000000
7168 40.000000
7149 40.000000
7139 40.000000
7037 40.000000
7015 40.000000
7005 40.000000
89642 39.000000
61998 39.000000
7747 39.000000
7643 39.000000
7621 39.000000
7607 39.000000
7591 39.000000
7577 39.000000
7558 39.000000
7535 39.000000
7510 39.000000
7481 39.000000
7471 39.000000
7460 39.000000
7335 39.000000
7299 39.000000
7280 39.000000
7255 39.000000
7240 39.000000
7222 39.000000
7190 39.000000
7181 39.000000
7149 39.000000
7139 39.000000
7130 39.000000
7117 39.000000
7072 39.000000
7015 39.000000
7005 39.000000
89642 38.000000
7790 38.000000
7747 38.000000
7650 38.000000
7643 38.000000
7630 38.000000
7621 38.000000
7591 38.000000
7577 38.000000
7535 38.000000
7471 38.000000
7460 38.000000
7335 38.000000
7299 38.000000
7255 38.000000
7240 38.000000
7222 38.000000
7190 38.000000
7181 38.000000
7168 38.000000
7149 38.000000
7139 38.000000
7130 38.000000
7072 38.000000
7037 38.000000
7015 38.000000
89642 37.000000
7790 37.000000
7747 37.000000
7690 37.000000
7650 37.000000
7643 37.000000
7630 37.000000
7627 37.000000
7621 37.000000
7591 37.000000
7577 37.000000
7558 37.000000
7510 37.000000
7481 37.000000
7471 37.000000
7460 37.000000
7434 37.000000
7335 37.000000
7299 37.000000
7280 37.000000
7255 37.000000
7240 37.000000
7222 37.000000
7190 37.000000
7181 37.000000
7149 37.000000
7130 37.000000
7015 37.000000
89642 36.000000
7747 36.000000
7650 36.000000
7643 36.000000
7630 36.000000
7627 36.000000
7621 36.000000
7607 36.000000
7591 36.000000
7577 36.000000
7535 36.000000
7481 36.000000
7471 36.000000
7460 36.000000
7335 36.000000
7299 36.000000
7280 36.000000
7255 36.000000
7190 36.000000
7181 36.000000
7168 36.000000
7149 36.000000
7139 36.000000
7130 36.000000
7037 36.000000
7005 36.000000
7790 35.000000
7747 35.000000
7690 35.000000
7661 35.000000
7650 35.000000
7630 35.000000
7607 35.000000
7591 35.000000
7577 35.000000
7558 35.000000
7535 35.000000
7471 35.000000
7434 35.000000
7335 35.000000
7314 35.000000
7280 35.000000
7255 35.000000
7240 35.000000
7222 35.000000
7190 35.000000
7181 35.000000
7168 35.000000
7072 35.000000
7015 35.000000
7005 35.000000
89642 34.000000
7661 34.000000
7650 34.000000
7643 34.000000
7607 34.000000
7591 34.000000
7577 34.000000
7558 34.000000
7510 34.000000
7481 34.000000
7471 34.000000
7460 34.000000
7434 34.000000
7299 34.000000
7280 34.000000
7255 34.000000
7240 34.000000
7190 34.000000
7168 34.000000
7149 34.000000
7130 34.000000
7110 34.000000
7005 34.000000
89642 33.000000
7790 33.000000
7747 33.000000
7650 33.000000
7643 33.000000
7630 33.000000
7591 33.000000
7577 33.000000
7558 33.000000
7535 33.000000
7510 33.000000
7471 33.000000
7434 33.000000
7299 33.000000
7280 33.000000
7255 33.000000
7190 33.000000
7181 33.000000
7139 33.000000
7027 33.000000
7015 33.000000
7761 32.000000
7690 32.000000
7650 32.000000
7643 32.000000
7607 32.000000
7558 32.000000
7481 32.000000
7460 32.000000
7434 32.000000
7335 32.000000
7314 32.000000
7299 32.000000
7280 32.000000
7222 32.000000
7190 32.000000
7181 32.000000
7168 32.000000
7015 32.000000
89642 31.000000
7790 31.000000
7747 31.000000
7650 31.000000
7643 31.000000
7630 31.000000
7621 31.000000
7591 31.000000
7577 31.000000
7558 31.000000
7535 31.000000
7481 31.000000
7434 31.000000
7335 31.000000
7299 31.000000
7255 31.000000
7240 31.000000
7222 31.000000
7190 31.000000
7181 31.000000
7168 31.000000
7139 31.000000
7072 31.000000
7015 31.000000
7005 31.000000
89642 30.000000
7747 30.000000
7650 30.000000
7630 30.000000
7627 30.000000
7591 30.000000
7577 30.000000
7558 30.000000
7535 30.000000
7460 30.000000
7434 30.000000
7280 30.000000
7255 30.000000
7181 30.000000
7168 30.000000
7139 30.000000
7110 30.000000
7072 30.000000
7037 30.000000
7747 29.000000
7650 29.000000
7643 29.000000
7621 29.000000
7591 29.000000
7577 29.000000
7535 29.000000
7510 29.000000
7481 29.000000
7471 29.000000
7299 29.000000
7280 29.000000
7181 29.000000
7072 29.000000
7015 29.000000
89642 28.000000
7747 28.000000
7650 28.000000
7643 28.000000
7627 28.000000
7607 28.000000
7591 28.000000
7577 28.000000
7558 28.000000
7481 28.000000
7471 28.000000
7335 28.000000
7240 28.000000
7181 28.000000
7139 28.000000
7747 27.000000
7630 27.000000
7621 27.000000
7591 27.000000
7577 27.000000
7481 27.000000
7280 27.000000
7240 27.000000
7190 27.000000
7181 27.000000
7149 27.000000
7130 27.000000
7072 27.000000
7037 27.000000
7027 27.000000
7015 27.000000
7690 26.000000
7650 26.000000
7607 26.000000
7591 26.000000
7535 26.000000
7510 26.000000
7481 26.000000
7299 26.000000
7255 26.000000
7190 26.000000
7181 26.000000
7168 26.000000
7139 26.000000
7037 26.000000
7005 26.000000
7790 25.000000
7630 25.000000
7591 25.000000
7558 25.000000
7510 25.000000
7481 25.000000
7255 25.000000
7181 25.000000
7072 25.000000
7747 24.000000
7535 24.000000
7510 24.000000
7481 24.000000
7299 24.000000
7222 24.000000
7190 24.000000
7139 24.000000
7630 23.000000
7591 23.000000
7558 23.000000
7510 23.000000
7460 23.000000
7190 23.000000
7690 22.000000
7630 22.000000
7591 22.000000
7535 22.000000
7471 22.000000
7190 22.000000
7181 22.000000
7591 21.000000
7280 21.000000
7255 21.000000
7139 21.000000
61997 20.000000
7510 20.000000
7481 20.000000
7015 20.000000
7005 20.000000
7591 19.000000
7577 19.000000
7481 19.000000
7181 19.000000
7591 18.000000
7335 18.000000
7255 18.000000
7591 17.000000
7535 17.000000
7471 17.000000
7072 17.000000
7015 17.000000
78894 16.000000
7591 16.000000
7460 16.000000
7222 16.000000
78894 15.000000
61997 14.000000
7015 14.000000
7535 11.000000
7460 10.000000
81401 8.000000
61976 3.000000
61997 2.000000
7280 1.000000
